  1.0000e-03 -4.0512e+00
  2.0000e-03 -3.7502e+00
  3.0000e-03 -3.5757e+00
  4.0000e-03 -3.4527e+00
  5.0000e-03 -3.3580e+00
  6.0000e-03 -3.2810e+00
  7.0000e-03 -3.2164e+00
  8.0000e-03 -3.1607e+00
  9.0000e-03 -3.1119e+00
  1.0000e-02 -3.0684e+00
  1.1000e-02 -3.0294e+00
  1.2000e-02 -2.9939e+00
  1.3000e-02 -2.9615e+00
  1.4000e-02 -2.9317e+00
  1.5000e-02 -2.9041e+00
  1.6000e-02 -2.8784e+00
  1.7000e-02 -2.8544e+00
  1.8000e-02 -2.8320e+00
  1.9000e-02 -2.8108e+00
  2.0000e-02 -2.7909e+00
  2.1000e-02 -2.7721e+00
  2.2000e-02 -2.7542e+00
  2.3000e-02 -2.7372e+00
  2.4000e-02 -2.7211e+00
  2.5000e-02 -2.7057e+00
  2.6000e-02 -2.6910e+00
  2.7000e-02 -2.6770e+00
  2.8000e-02 -2.6635e+00
  2.9000e-02 -2.6506e+00
  3.0000e-02 -2.6382e+00
  3.1000e-02 -2.6263e+00
  3.2000e-02 -2.6148e+00
  3.3000e-02 -2.6038e+00
  3.4000e-02 -2.5931e+00
  3.5000e-02 -2.5829e+00
  3.6000e-02 -2.5729e+00
  3.7000e-02 -2.5633e+00
  3.8000e-02 -2.5541e+00
  3.9000e-02 -2.5451e+00
  4.0000e-02 -2.5364e+00
  4.1000e-02 -2.5280e+00
  4.2000e-02 -2.5198e+00
  4.3000e-02 -2.5119e+00
  4.4000e-02 -2.5042e+00
  4.5000e-02 -2.4967e+00
  4.6000e-02 -2.4895e+00
  4.7000e-02 -2.4824e+00
  4.8000e-02 -2.4756e+00
  4.9000e-02 -2.4689e+00
  5.0000e-02 -2.4624e+00
  5.1000e-02 -2.4561e+00
  5.2000e-02 -2.4499e+00
  5.3000e-02 -2.4439e+00
  5.4000e-02 -2.4381e+00
  5.5000e-02 -2.4324e+00
  5.6000e-02 -2.4268e+00
  5.7000e-02 -2.4214e+00
  5.8000e-02 -2.4161e+00
  5.9000e-02 -2.4109e+00
  6.0000e-02 -2.4059e+00
  6.1000e-02 -2.4010e+00
  6.2000e-02 -2.3962e+00
  6.3000e-02 -2.3915e+00
  6.4000e-02 -2.3869e+00
  6.5000e-02 -2.3824e+00
  6.6000e-02 -2.3780e+00
  6.7000e-02 -2.3737e+00
  6.8000e-02 -2.3695e+00
  6.9000e-02 -2.3654e+00
  7.0000e-02 -2.3614e+00
  7.1000e-02 -2.3574e+00
  7.2000e-02 -2.3536e+00
  7.3000e-02 -2.3498e+00
  7.4000e-02 -2.3461e+00
  7.5000e-02 -2.3425e+00
  7.6000e-02 -2.3390e+00
  7.7000e-02 -2.3355e+00
  7.8000e-02 -2.3321e+00
  7.9000e-02 -2.3288e+00
  8.0000e-02 -2.3256e+00
  8.1000e-02 -2.3224e+00
  8.2000e-02 -2.3192e+00
  8.3000e-02 -2.3162e+00
  8.4000e-02 -2.3132e+00
  8.5000e-02 -2.3102e+00
  8.6000e-02 -2.3073e+00
  8.7000e-02 -2.3045e+00
  8.8000e-02 -2.3017e+00
  8.9000e-02 -2.2990e+00
  9.0000e-02 -2.2963e+00
  9.1000e-02 -2.2937e+00
  9.2000e-02 -2.2911e+00
  9.3000e-02 -2.2886e+00
  9.4000e-02 -2.2861e+00
  9.5000e-02 -2.2837e+00
  9.6000e-02 -2.2813e+00
  9.7000e-02 -2.2790e+00
  9.8000e-02 -2.2767e+00
  9.9000e-02 -2.2745e+00
  1.0000e-01 -2.2722e+00
  1.0100e-01 -2.2701e+00
  1.0200e-01 -2.2680e+00
  1.0300e-01 -2.2659e+00
  1.0400e-01 -2.2638e+00
  1.0500e-01 -2.2618e+00
  1.0600e-01 -2.2598e+00
  1.0700e-01 -2.2579e+00
  1.0800e-01 -2.2560e+00
  1.0900e-01 -2.2541e+00
  1.1000e-01 -2.2523e+00
  1.1100e-01 -2.2505e+00
  1.1200e-01 -2.2487e+00
  1.1300e-01 -2.2470e+00
  1.1400e-01 -2.2453e+00
  1.1500e-01 -2.2436e+00
  1.1600e-01 -2.2420e+00
  1.1700e-01 -2.2404e+00
  1.1800e-01 -2.2388e+00
  1.1900e-01 -2.2372e+00
  1.2000e-01 -2.2357e+00
  1.2100e-01 -2.2342e+00
  1.2200e-01 -2.2328e+00
  1.2300e-01 -2.2313e+00
  1.2400e-01 -2.2299e+00
  1.2500e-01 -2.2285e+00
  1.2600e-01 -2.2271e+00
  1.2700e-01 -2.2258e+00
  1.2800e-01 -2.2245e+00
  1.2900e-01 -2.2232e+00
  1.3000e-01 -2.2219e+00
  1.3100e-01 -2.2207e+00
  1.3200e-01 -2.2195e+00
  1.3300e-01 -2.2183e+00
  1.3400e-01 -2.2171e+00
  1.3500e-01 -2.2159e+00
  1.3600e-01 -2.2148e+00
  1.3700e-01 -2.2137e+00
  1.3800e-01 -2.2126e+00
  1.3900e-01 -2.2115e+00
  1.4000e-01 -2.2105e+00
  1.4100e-01 -2.2095e+00
  1.4200e-01 -2.2085e+00
  1.4300e-01 -2.2075e+00
  1.4400e-01 -2.2065e+00
  1.4500e-01 -2.2056e+00
  1.4600e-01 -2.2046e+00
  1.4700e-01 -2.2037e+00
  1.4800e-01 -2.2028e+00
  1.4900e-01 -2.2019e+00
  1.5000e-01 -2.2011e+00
  1.5100e-01 -2.2002e+00
  1.5200e-01 -2.1994e+00
  1.5300e-01 -2.1986e+00
  1.5400e-01 -2.1978e+00
  1.5500e-01 -2.1970e+00
  1.5600e-01 -2.1962e+00
  1.5700e-01 -2.1955e+00
  1.5800e-01 -2.1948e+00
  1.5900e-01 -2.1941e+00
  1.6000e-01 -2.1934e+00
  1.6100e-01 -2.1927e+00
  1.6200e-01 -2.1920e+00
  1.6300e-01 -2.1913e+00
  1.6400e-01 -2.1907e+00
  1.6500e-01 -2.1901e+00
  1.6600e-01 -2.1894e+00
  1.6700e-01 -2.1888e+00
  1.6800e-01 -2.1883e+00
  1.6900e-01 -2.1877e+00
  1.7000e-01 -2.1871e+00
  1.7100e-01 -2.1866e+00
  1.7200e-01 -2.1860e+00
  1.7300e-01 -2.1855e+00
  1.7400e-01 -2.1850e+00
  1.7500e-01 -2.1845e+00
  1.7600e-01 -2.1840e+00
  1.7700e-01 -2.1835e+00
  1.7800e-01 -2.1831e+00
  1.7900e-01 -2.1826e+00
  1.8000e-01 -2.1822e+00
  1.8100e-01 -2.1818e+00
  1.8200e-01 -2.1814e+00
  1.8300e-01 -2.1809e+00
  1.8400e-01 -2.1806e+00
  1.8500e-01 -2.1802e+00
  1.8600e-01 -2.1798e+00
  1.8700e-01 -2.1794e+00
  1.8800e-01 -2.1791e+00
  1.8900e-01 -2.1787e+00
  1.9000e-01 -2.1784e+00
  1.9100e-01 -2.1781e+00
  1.9200e-01 -2.1778e+00
  1.9300e-01 -2.1775e+00
  1.9400e-01 -2.1772e+00
  1.9500e-01 -2.1769e+00
  1.9600e-01 -2.1766e+00
  1.9700e-01 -2.1764e+00
  1.9800e-01 -2.1761e+00
  1.9900e-01 -2.1759e+00
  2.0000e-01 -2.1756e+00
  2.0100e-01 -2.1754e+00
  2.0200e-01 -2.1752e+00
  2.0300e-01 -2.1750e+00
  2.0400e-01 -2.1748e+00
  2.0500e-01 -2.1746e+00
  2.0600e-01 -2.1744e+00
  2.0700e-01 -2.1742e+00
  2.0800e-01 -2.1741e+00
  2.0900e-01 -2.1739e+00
  2.1000e-01 -2.1738e+00
  2.1100e-01 -2.1736e+00
  2.1200e-01 -2.1735e+00
  2.1300e-01 -2.1734e+00
  2.1400e-01 -2.1732e+00
  2.1500e-01 -2.1731e+00
  2.1600e-01 -2.1730e+00
  2.1700e-01 -2.1729e+00
  2.1800e-01 -2.1728e+00
  2.1900e-01 -2.1728e+00
  2.2000e-01 -2.1727e+00
  2.2100e-01 -2.1726e+00
  2.2200e-01 -2.1726e+00
  2.2300e-01 -2.1725e+00
  2.2400e-01 -2.1725e+00
  2.2500e-01 -2.1724e+00
  2.2600e-01 -2.1724e+00
  2.2700e-01 -2.1724e+00
  2.2800e-01 -2.1723e+00
  2.2900e-01 -2.1723e+00
  2.3000e-01 -2.1723e+00
  2.3100e-01 -2.1723e+00
  2.3200e-01 -2.1723e+00
  2.3300e-01 -2.1723e+00
  2.3400e-01 -2.1724e+00
  2.3500e-01 -2.1724e+00
  2.3600e-01 -2.1724e+00
  2.3700e-01 -2.1725e+00
  2.3800e-01 -2.1725e+00
  2.3900e-01 -2.1726e+00
  2.4000e-01 -2.1726e+00
  2.4100e-01 -2.1727e+00
  2.4200e-01 -2.1728e+00
  2.4300e-01 -2.1728e+00
  2.4400e-01 -2.1729e+00
  2.4500e-01 -2.1730e+00
  2.4600e-01 -2.1731e+00
  2.4700e-01 -2.1732e+00
  2.4800e-01 -2.1733e+00
  2.4900e-01 -2.1734e+00
  2.5000e-01 -2.1735e+00
  2.5100e-01 -2.1736e+00
  2.5200e-01 -2.1738e+00
  2.5300e-01 -2.1739e+00
  2.5400e-01 -2.1740e+00
  2.5500e-01 -2.1742e+00
  2.5600e-01 -2.1743e+00
  2.5700e-01 -2.1745e+00
  2.5800e-01 -2.1746e+00
  2.5900e-01 -2.1748e+00
  2.6000e-01 -2.1749e+00
  2.6100e-01 -2.1751e+00
  2.6200e-01 -2.1753e+00
  2.6300e-01 -2.1755e+00
  2.6400e-01 -2.1756e+00
  2.6500e-01 -2.1758e+00
  2.6600e-01 -2.1760e+00
  2.6700e-01 -2.1762e+00
  2.6800e-01 -2.1764e+00
  2.6900e-01 -2.1766e+00
  2.7000e-01 -2.1769e+00
  2.7100e-01 -2.1771e+00
  2.7200e-01 -2.1773e+00
  2.7300e-01 -2.1775e+00
  2.7400e-01 -2.1777e+00
  2.7500e-01 -2.1780e+00
  2.7600e-01 -2.1782e+00
  2.7700e-01 -2.1785e+00
  2.7800e-01 -2.1787e+00
  2.7900e-01 -2.1790e+00
  2.8000e-01 -2.1792e+00
  2.8100e-01 -2.1795e+00
  2.8200e-01 -2.1797e+00
  2.8300e-01 -2.1800e+00
  2.8400e-01 -2.1803e+00
  2.8500e-01 -2.1806e+00
  2.8600e-01 -2.1808e+00
  2.8700e-01 -2.1811e+00
  2.8800e-01 -2.1814e+00
  2.8900e-01 -2.1817e+00
  2.9000e-01 -2.1820e+00
  2.9100e-01 -2.1823e+00
  2.9200e-01 -2.1826e+00
  2.9300e-01 -2.1829e+00
  2.9400e-01 -2.1832e+00
  2.9500e-01 -2.1835e+00
  2.9600e-01 -2.1839e+00
  2.9700e-01 -2.1842e+00
  2.9800e-01 -2.1845e+00
  2.9900e-01 -2.1848e+00
  3.0000e-01 -2.1852e+00
  3.0100e-01 -2.1855e+00
  3.0200e-01 -2.1858e+00
  3.0300e-01 -2.1862e+00
  3.0400e-01 -2.1865e+00
  3.0500e-01 -2.1869e+00
  3.0600e-01 -2.1872e+00
  3.0700e-01 -2.1876e+00
  3.0800e-01 -2.1880e+00
  3.0900e-01 -2.1883e+00
  3.1000e-01 -2.1887e+00
  3.1100e-01 -2.1891e+00
  3.1200e-01 -2.1894e+00
  3.1300e-01 -2.1898e+00
  3.1400e-01 -2.1902e+00
  3.1500e-01 -2.1906e+00
  3.1600e-01 -2.1910e+00
  3.1700e-01 -2.1914e+00
  3.1800e-01 -2.1918e+00
  3.1900e-01 -2.1922e+00
  3.2000e-01 -2.1926e+00
  3.2100e-01 -2.1930e+00
  3.2200e-01 -2.1934e+00
  3.2300e-01 -2.1938e+00
  3.2400e-01 -2.1942e+00
  3.2500e-01 -2.1946e+00
  3.2600e-01 -2.1950e+00
  3.2700e-01 -2.1955e+00
  3.2800e-01 -2.1959e+00
  3.2900e-01 -2.1963e+00
  3.3000e-01 -2.1967e+00
  3.3100e-01 -2.1972e+00
  3.3200e-01 -2.1976e+00
  3.3300e-01 -2.1981e+00
  3.3400e-01 -2.1985e+00
  3.3500e-01 -2.1989e+00
  3.3600e-01 -2.1994e+00
  3.3700e-01 -2.1998e+00
  3.3800e-01 -2.2003e+00
  3.3900e-01 -2.2008e+00
  3.4000e-01 -2.2012e+00
  3.4100e-01 -2.2017e+00
  3.4200e-01 -2.2021e+00
  3.4300e-01 -2.2026e+00
  3.4400e-01 -2.2031e+00
  3.4500e-01 -2.2036e+00
  3.4600e-01 -2.2040e+00
  3.4700e-01 -2.2045e+00
  3.4800e-01 -2.2050e+00
  3.4900e-01 -2.2055e+00
  3.5000e-01 -2.2060e+00
  3.5100e-01 -2.2065e+00
  3.5200e-01 -2.2070e+00
  3.5300e-01 -2.2075e+00
  3.5400e-01 -2.2079e+00
  3.5500e-01 -2.2084e+00
  3.5600e-01 -2.2090e+00
  3.5700e-01 -2.2095e+00
  3.5800e-01 -2.2100e+00
  3.5900e-01 -2.2105e+00
  3.6000e-01 -2.2110e+00
  3.6100e-01 -2.2115e+00
  3.6200e-01 -2.2120e+00
  3.6300e-01 -2.2125e+00
  3.6400e-01 -2.2131e+00
  3.6500e-01 -2.2136e+00
  3.6600e-01 -2.2141e+00
  3.6700e-01 -2.2147e+00
  3.6800e-01 -2.2152e+00
  3.6900e-01 -2.2157e+00
  3.7000e-01 -2.2163e+00
  3.7100e-01 -2.2168e+00
  3.7200e-01 -2.2174e+00
  3.7300e-01 -2.2179e+00
  3.7400e-01 -2.2184e+00
  3.7500e-01 -2.2190e+00
  3.7600e-01 -2.2196e+00
  3.7700e-01 -2.2201e+00
  3.7800e-01 -2.2207e+00
  3.7900e-01 -2.2212e+00
  3.8000e-01 -2.2218e+00
  3.8100e-01 -2.2224e+00
  3.8200e-01 -2.2229e+00
  3.8300e-01 -2.2235e+00
  3.8400e-01 -2.2241e+00
  3.8500e-01 -2.2246e+00
  3.8600e-01 -2.2252e+00
  3.8700e-01 -2.2258e+00
  3.8800e-01 -2.2264e+00
  3.8900e-01 -2.2270e+00
  3.9000e-01 -2.2275e+00
  3.9100e-01 -2.2281e+00
  3.9200e-01 -2.2287e+00
  3.9300e-01 -2.2293e+00
  3.9400e-01 -2.2299e+00
  3.9500e-01 -2.2305e+00
  3.9600e-01 -2.2311e+00
  3.9700e-01 -2.2317e+00
  3.9800e-01 -2.2323e+00
  3.9900e-01 -2.2329e+00
  4.0000e-01 -2.2335e+00
  4.0100e-01 -2.2341e+00
  4.0200e-01 -2.2348e+00
  4.0300e-01 -2.2354e+00
  4.0400e-01 -2.2360e+00
  4.0500e-01 -2.2366e+00
  4.0600e-01 -2.2372e+00
  4.0700e-01 -2.2379e+00
  4.0800e-01 -2.2385e+00
  4.0900e-01 -2.2391e+00
  4.1000e-01 -2.2397e+00
  4.1100e-01 -2.2404e+00
  4.1200e-01 -2.2410e+00
  4.1300e-01 -2.2416e+00
  4.1400e-01 -2.2423e+00
  4.1500e-01 -2.2429e+00
  4.1600e-01 -2.2436e+00
  4.1700e-01 -2.2442e+00
  4.1800e-01 -2.2449e+00
  4.1900e-01 -2.2455e+00
  4.2000e-01 -2.2462e+00
  4.2100e-01 -2.2468e+00
  4.2200e-01 -2.2475e+00
  4.2300e-01 -2.2481e+00
  4.2400e-01 -2.2488e+00
  4.2500e-01 -2.2495e+00
  4.2600e-01 -2.2501e+00
  4.2700e-01 -2.2508e+00
  4.2800e-01 -2.2515e+00
  4.2900e-01 -2.2521e+00
  4.3000e-01 -2.2528e+00
  4.3100e-01 -2.2535e+00
  4.3200e-01 -2.2542e+00
  4.3300e-01 -2.2548e+00
  4.3400e-01 -2.2555e+00
  4.3500e-01 -2.2562e+00
  4.3600e-01 -2.2569e+00
  4.3700e-01 -2.2576e+00
  4.3800e-01 -2.2583e+00
  4.3900e-01 -2.2590e+00
  4.4000e-01 -2.2597e+00
  4.4100e-01 -2.2604e+00
  4.4200e-01 -2.2611e+00
  4.4300e-01 -2.2618e+00
  4.4400e-01 -2.2625e+00
  4.4500e-01 -2.2632e+00
  4.4600e-01 -2.2639e+00
  4.4700e-01 -2.2646e+00
  4.4800e-01 -2.2653e+00
  4.4900e-01 -2.2660e+00
  4.5000e-01 -2.2667e+00
  4.5100e-01 -2.2674e+00
  4.5200e-01 -2.2682e+00
  4.5300e-01 -2.2689e+00
  4.5400e-01 -2.2696e+00
  4.5500e-01 -2.2703e+00
  4.5600e-01 -2.2711e+00
  4.5700e-01 -2.2718e+00
  4.5800e-01 -2.2725e+00
  4.5900e-01 -2.2732e+00
  4.6000e-01 -2.2740e+00
  4.6100e-01 -2.2747e+00
  4.6200e-01 -2.2755e+00
  4.6300e-01 -2.2762e+00
  4.6400e-01 -2.2769e+00
  4.6500e-01 -2.2777e+00
  4.6600e-01 -2.2784e+00
  4.6700e-01 -2.2792e+00
  4.6800e-01 -2.2799e+00
  4.6900e-01 -2.2807e+00
  4.7000e-01 -2.2815e+00
  4.7100e-01 -2.2822e+00
  4.7200e-01 -2.2830e+00
  4.7300e-01 -2.2837e+00
  4.7400e-01 -2.2845e+00
  4.7500e-01 -2.2853e+00
  4.7600e-01 -2.2860e+00
  4.7700e-01 -2.2868e+00
  4.7800e-01 -2.2876e+00
  4.7900e-01 -2.2884e+00
  4.8000e-01 -2.2891e+00
  4.8100e-01 -2.2899e+00
  4.8200e-01 -2.2907e+00
  4.8300e-01 -2.2915e+00
  4.8400e-01 -2.2923e+00
  4.8500e-01 -2.2931e+00
  4.8600e-01 -2.2939e+00
  4.8700e-01 -2.2946e+00
  4.8800e-01 -2.2954e+00
  4.8900e-01 -2.2962e+00
  4.9000e-01 -2.2970e+00
  4.9100e-01 -2.2978e+00
  4.9200e-01 -2.2986e+00
  4.9300e-01 -2.2994e+00
  4.9400e-01 -2.3002e+00
  4.9500e-01 -2.3011e+00
  4.9600e-01 -2.3019e+00
  4.9700e-01 -2.3027e+00
  4.9800e-01 -2.3035e+00
  4.9900e-01 -2.3043e+00
  5.0000e-01 -2.3051e+00
  5.0100e-01 -2.3060e+00
  5.0200e-01 -2.3068e+00
  5.0300e-01 -2.3076e+00
  5.0400e-01 -2.3084e+00
  5.0500e-01 -2.3093e+00
  5.0600e-01 -2.3101e+00
  5.0700e-01 -2.3109e+00
  5.0800e-01 -2.3118e+00
  5.0900e-01 -2.3126e+00
  5.1000e-01 -2.3135e+00
  5.1100e-01 -2.3143e+00
  5.1200e-01 -2.3151e+00
  5.1300e-01 -2.3160e+00
  5.1400e-01 -2.3168e+00
  5.1500e-01 -2.3177e+00
  5.1600e-01 -2.3186e+00
  5.1700e-01 -2.3194e+00
  5.1800e-01 -2.3203e+00
  5.1900e-01 -2.3211e+00
  5.2000e-01 -2.3220e+00
  5.2100e-01 -2.3229e+00
  5.2200e-01 -2.3237e+00
  5.2300e-01 -2.3246e+00
  5.2400e-01 -2.3255e+00
  5.2500e-01 -2.3263e+00
  5.2600e-01 -2.3272e+00
  5.2700e-01 -2.3281e+00
  5.2800e-01 -2.3290e+00
  5.2900e-01 -2.3299e+00
  5.3000e-01 -2.3308e+00
  5.3100e-01 -2.3316e+00
  5.3200e-01 -2.3325e+00
  5.3300e-01 -2.3334e+00
  5.3400e-01 -2.3343e+00
  5.3500e-01 -2.3352e+00
  5.3600e-01 -2.3361e+00
  5.3700e-01 -2.3370e+00
  5.3800e-01 -2.3379e+00
  5.3900e-01 -2.3388e+00
  5.4000e-01 -2.3397e+00
  5.4100e-01 -2.3406e+00
  5.4200e-01 -2.3416e+00
  5.4300e-01 -2.3425e+00
  5.4400e-01 -2.3434e+00
  5.4500e-01 -2.3443e+00
  5.4600e-01 -2.3452e+00
  5.4700e-01 -2.3462e+00
  5.4800e-01 -2.3471e+00
  5.4900e-01 -2.3480e+00
  5.5000e-01 -2.3490e+00
  5.5100e-01 -2.3499e+00
  5.5200e-01 -2.3508e+00
  5.5300e-01 -2.3518e+00
  5.5400e-01 -2.3527e+00
  5.5500e-01 -2.3537e+00
  5.5600e-01 -2.3546e+00
  5.5700e-01 -2.3556e+00
  5.5800e-01 -2.3565e+00
  5.5900e-01 -2.3575e+00
  5.6000e-01 -2.3584e+00
  5.6100e-01 -2.3594e+00
  5.6200e-01 -2.3603e+00
  5.6300e-01 -2.3613e+00
  5.6400e-01 -2.3623e+00
  5.6500e-01 -2.3632e+00
  5.6600e-01 -2.3642e+00
  5.6700e-01 -2.3652e+00
  5.6800e-01 -2.3662e+00
  5.6900e-01 -2.3671e+00
  5.7000e-01 -2.3681e+00
  5.7100e-01 -2.3691e+00
  5.7200e-01 -2.3701e+00
  5.7300e-01 -2.3711e+00
  5.7400e-01 -2.3721e+00
  5.7500e-01 -2.3731e+00
  5.7600e-01 -2.3741e+00
  5.7700e-01 -2.3751e+00
  5.7800e-01 -2.3761e+00
  5.7900e-01 -2.3771e+00
  5.8000e-01 -2.3781e+00
  5.8100e-01 -2.3791e+00
  5.8200e-01 -2.3801e+00
  5.8300e-01 -2.3811e+00
  5.8400e-01 -2.3822e+00
  5.8500e-01 -2.3832e+00
  5.8600e-01 -2.3842e+00
  5.8700e-01 -2.3852e+00
  5.8800e-01 -2.3863e+00
  5.8900e-01 -2.3873e+00
  5.9000e-01 -2.3883e+00
  5.9100e-01 -2.3894e+00
  5.9200e-01 -2.3904e+00
  5.9300e-01 -2.3915e+00
  5.9400e-01 -2.3925e+00
  5.9500e-01 -2.3936e+00
  5.9600e-01 -2.3946e+00
  5.9700e-01 -2.3957e+00
  5.9800e-01 -2.3967e+00
  5.9900e-01 -2.3978e+00
  6.0000e-01 -2.3988e+00
  6.0100e-01 -2.3999e+00
  6.0200e-01 -2.4010e+00
  6.0300e-01 -2.4021e+00
  6.0400e-01 -2.4031e+00
  6.0500e-01 -2.4042e+00
  6.0600e-01 -2.4053e+00
  6.0700e-01 -2.4064e+00
  6.0800e-01 -2.4075e+00
  6.0900e-01 -2.4085e+00
  6.1000e-01 -2.4096e+00
  6.1100e-01 -2.4107e+00
  6.1200e-01 -2.4118e+00
  6.1300e-01 -2.4129e+00
  6.1400e-01 -2.4140e+00
  6.1500e-01 -2.4152e+00
  6.1600e-01 -2.4163e+00
  6.1700e-01 -2.4174e+00
  6.1800e-01 -2.4185e+00
  6.1900e-01 -2.4196e+00
  6.2000e-01 -2.4207e+00
  6.2100e-01 -2.4219e+00
  6.2200e-01 -2.4230e+00
  6.2300e-01 -2.4241e+00
  6.2400e-01 -2.4253e+00
  6.2500e-01 -2.4264e+00
  6.2600e-01 -2.4276e+00
  6.2700e-01 -2.4287e+00
  6.2800e-01 -2.4299e+00
  6.2900e-01 -2.4310e+00
  6.3000e-01 -2.4322e+00
  6.3100e-01 -2.4333e+00
  6.3200e-01 -2.4345e+00
  6.3300e-01 -2.4356e+00
  6.3400e-01 -2.4368e+00
  6.3500e-01 -2.4380e+00
  6.3600e-01 -2.4392e+00
  6.3700e-01 -2.4403e+00
  6.3800e-01 -2.4415e+00
  6.3900e-01 -2.4427e+00
  6.4000e-01 -2.4439e+00
  6.4100e-01 -2.4451e+00
  6.4200e-01 -2.4463e+00
  6.4300e-01 -2.4475e+00
  6.4400e-01 -2.4487e+00
  6.4500e-01 -2.4499e+00
  6.4600e-01 -2.4511e+00
  6.4700e-01 -2.4523e+00
  6.4800e-01 -2.4536e+00
  6.4900e-01 -2.4548e+00
  6.5000e-01 -2.4560e+00
  6.5100e-01 -2.4572e+00
  6.5200e-01 -2.4585e+00
  6.5300e-01 -2.4597e+00
  6.5400e-01 -2.4609e+00
  6.5500e-01 -2.4622e+00
  6.5600e-01 -2.4634e+00
  6.5700e-01 -2.4647e+00
  6.5800e-01 -2.4659e+00
  6.5900e-01 -2.4672e+00
  6.6000e-01 -2.4685e+00
  6.6100e-01 -2.4697e+00
  6.6200e-01 -2.4710e+00
  6.6300e-01 -2.4723e+00
  6.6400e-01 -2.4735e+00
  6.6500e-01 -2.4748e+00
  6.6600e-01 -2.4761e+00
  6.6700e-01 -2.4774e+00
  6.6800e-01 -2.4787e+00
  6.6900e-01 -2.4800e+00
  6.7000e-01 -2.4813e+00
  6.7100e-01 -2.4826e+00
  6.7200e-01 -2.4839e+00
  6.7300e-01 -2.4852e+00
  6.7400e-01 -2.4866e+00
  6.7500e-01 -2.4879e+00
  6.7600e-01 -2.4892e+00
  6.7700e-01 -2.4905e+00
  6.7800e-01 -2.4919e+00
  6.7900e-01 -2.4932e+00
  6.8000e-01 -2.4946e+00
  6.8100e-01 -2.4959e+00
  6.8200e-01 -2.4973e+00
  6.8300e-01 -2.4986e+00
  6.8400e-01 -2.5000e+00
  6.8500e-01 -2.5013e+00
  6.8600e-01 -2.5027e+00
  6.8700e-01 -2.5041e+00
  6.8800e-01 -2.5055e+00
  6.8900e-01 -2.5069e+00
  6.9000e-01 -2.5082e+00
  6.9100e-01 -2.5096e+00
  6.9200e-01 -2.5110e+00
  6.9300e-01 -2.5124e+00
  6.9400e-01 -2.5138e+00
  6.9500e-01 -2.5153e+00
  6.9600e-01 -2.5167e+00
  6.9700e-01 -2.5181e+00
  6.9800e-01 -2.5195e+00
  6.9900e-01 -2.5210e+00
  7.0000e-01 -2.5224e+00
  7.0100e-01 -2.5238e+00
  7.0200e-01 -2.5253e+00
  7.0300e-01 -2.5267e+00
  7.0400e-01 -2.5282e+00
  7.0500e-01 -2.5296e+00
  7.0600e-01 -2.5311e+00
  7.0700e-01 -2.5326e+00
  7.0800e-01 -2.5341e+00
  7.0900e-01 -2.5355e+00
  7.1000e-01 -2.5370e+00
  7.1100e-01 -2.5385e+00
  7.1200e-01 -2.5400e+00
  7.1300e-01 -2.5415e+00
  7.1400e-01 -2.5430e+00
  7.1500e-01 -2.5445e+00
  7.1600e-01 -2.5461e+00
  7.1700e-01 -2.5476e+00
  7.1800e-01 -2.5491e+00
  7.1900e-01 -2.5506e+00
  7.2000e-01 -2.5522e+00
  7.2100e-01 -2.5537e+00
  7.2200e-01 -2.5553e+00
  7.2300e-01 -2.5568e+00
  7.2400e-01 -2.5584e+00
  7.2500e-01 -2.5600e+00
  7.2600e-01 -2.5615e+00
  7.2700e-01 -2.5631e+00
  7.2800e-01 -2.5647e+00
  7.2900e-01 -2.5663e+00
  7.3000e-01 -2.5679e+00
  7.3100e-01 -2.5695e+00
  7.3200e-01 -2.5711e+00
  7.3300e-01 -2.5727e+00
  7.3400e-01 -2.5744e+00
  7.3500e-01 -2.5760e+00
  7.3600e-01 -2.5776e+00
  7.3700e-01 -2.5793e+00
  7.3800e-01 -2.5809e+00
  7.3900e-01 -2.5826e+00
  7.4000e-01 -2.5842e+00
  7.4100e-01 -2.5859e+00
  7.4200e-01 -2.5876e+00
  7.4300e-01 -2.5892e+00
  7.4400e-01 -2.5909e+00
  7.4500e-01 -2.5926e+00
  7.4600e-01 -2.5943e+00
  7.4700e-01 -2.5960e+00
  7.4800e-01 -2.5977e+00
  7.4900e-01 -2.5995e+00
  7.5000e-01 -2.6012e+00
  7.5100e-01 -2.6029e+00
  7.5200e-01 -2.6047e+00
  7.5300e-01 -2.6064e+00
  7.5400e-01 -2.6082e+00
  7.5500e-01 -2.6099e+00
  7.5600e-01 -2.6117e+00
  7.5700e-01 -2.6135e+00
  7.5800e-01 -2.6153e+00
  7.5900e-01 -2.6171e+00
  7.6000e-01 -2.6189e+00
  7.6100e-01 -2.6207e+00
  7.6200e-01 -2.6225e+00
  7.6300e-01 -2.6243e+00
  7.6400e-01 -2.6261e+00
  7.6500e-01 -2.6280e+00
  7.6600e-01 -2.6298e+00
  7.6700e-01 -2.6317e+00
  7.6800e-01 -2.6335e+00
  7.6900e-01 -2.6354e+00
  7.7000e-01 -2.6373e+00
  7.7100e-01 -2.6392e+00
  7.7200e-01 -2.6411e+00
  7.7300e-01 -2.6430e+00
  7.7400e-01 -2.6449e+00
  7.7500e-01 -2.6468e+00
  7.7600e-01 -2.6487e+00
  7.7700e-01 -2.6507e+00
  7.7800e-01 -2.6526e+00
  7.7900e-01 -2.6546e+00
  7.8000e-01 -2.6566e+00
  7.8100e-01 -2.6585e+00
  7.8200e-01 -2.6605e+00
  7.8300e-01 -2.6625e+00
  7.8400e-01 -2.6645e+00
  7.8500e-01 -2.6665e+00
  7.8600e-01 -2.6685e+00
  7.8700e-01 -2.6706e+00
  7.8800e-01 -2.6726e+00
  7.8900e-01 -2.6746e+00
  7.9000e-01 -2.6767e+00
  7.9100e-01 -2.6788e+00
  7.9200e-01 -2.6809e+00
  7.9300e-01 -2.6829e+00
  7.9400e-01 -2.6850e+00
  7.9500e-01 -2.6872e+00
  7.9600e-01 -2.6893e+00
  7.9700e-01 -2.6914e+00
  7.9800e-01 -2.6935e+00
  7.9900e-01 -2.6957e+00
  8.0000e-01 -2.6979e+00
  8.0100e-01 -2.7000e+00
  8.0200e-01 -2.7022e+00
  8.0300e-01 -2.7044e+00
  8.0400e-01 -2.7066e+00
  8.0500e-01 -2.7088e+00
  8.0600e-01 -2.7111e+00
  8.0700e-01 -2.7133e+00
  8.0800e-01 -2.7156e+00
  8.0900e-01 -2.7178e+00
  8.1000e-01 -2.7201e+00
  8.1100e-01 -2.7224e+00
  8.1200e-01 -2.7247e+00
  8.1300e-01 -2.7270e+00
  8.1400e-01 -2.7293e+00
  8.1500e-01 -2.7317e+00
  8.1600e-01 -2.7340e+00
  8.1700e-01 -2.7364e+00
  8.1800e-01 -2.7387e+00
  8.1900e-01 -2.7411e+00
  8.2000e-01 -2.7435e+00
  8.2100e-01 -2.7460e+00
  8.2200e-01 -2.7484e+00
  8.2300e-01 -2.7508e+00
  8.2400e-01 -2.7533e+00
  8.2500e-01 -2.7558e+00
  8.2600e-01 -2.7582e+00
  8.2700e-01 -2.7607e+00
  8.2800e-01 -2.7633e+00
  8.2900e-01 -2.7658e+00
  8.3000e-01 -2.7683e+00
  8.3100e-01 -2.7709e+00
  8.3200e-01 -2.7735e+00
  8.3300e-01 -2.7760e+00
  8.3400e-01 -2.7787e+00
  8.3500e-01 -2.7813e+00
  8.3600e-01 -2.7839e+00
  8.3700e-01 -2.7866e+00
  8.3800e-01 -2.7892e+00
  8.3900e-01 -2.7919e+00
  8.4000e-01 -2.7946e+00
  8.4100e-01 -2.7973e+00
  8.4200e-01 -2.8001e+00
  8.4300e-01 -2.8028e+00
  8.4400e-01 -2.8056e+00
  8.4500e-01 -2.8084e+00
  8.4600e-01 -2.8112e+00
  8.4700e-01 -2.8140e+00
  8.4800e-01 -2.8169e+00
  8.4900e-01 -2.8197e+00
  8.5000e-01 -2.8226e+00
  8.5100e-01 -2.8255e+00
  8.5200e-01 -2.8284e+00
  8.5300e-01 -2.8314e+00
  8.5400e-01 -2.8343e+00
  8.5500e-01 -2.8373e+00
  8.5600e-01 -2.8403e+00
  8.5700e-01 -2.8434e+00
  8.5800e-01 -2.8464e+00
  8.5900e-01 -2.8495e+00
  8.6000e-01 -2.8526e+00
  8.6100e-01 -2.8557e+00
  8.6200e-01 -2.8588e+00
  8.6300e-01 -2.8620e+00
  8.6400e-01 -2.8651e+00
  8.6500e-01 -2.8683e+00
  8.6600e-01 -2.8716e+00
  8.6700e-01 -2.8748e+00
  8.6800e-01 -2.8781e+00
  8.6900e-01 -2.8814e+00
  8.7000e-01 -2.8847e+00
  8.7100e-01 -2.8881e+00
  8.7200e-01 -2.8914e+00
  8.7300e-01 -2.8948e+00
  8.7400e-01 -2.8983e+00
  8.7500e-01 -2.9017e+00
  8.7600e-01 -2.9052e+00
  8.7700e-01 -2.9087e+00
  8.7800e-01 -2.9123e+00
  8.7900e-01 -2.9159e+00
  8.8000e-01 -2.9195e+00
  8.8100e-01 -2.9231e+00
  8.8200e-01 -2.9267e+00
  8.8300e-01 -2.9304e+00
  8.8400e-01 -2.9342e+00
  8.8500e-01 -2.9379e+00
  8.8600e-01 -2.9417e+00
  8.8700e-01 -2.9455e+00
  8.8800e-01 -2.9494e+00
  8.8900e-01 -2.9533e+00
  8.9000e-01 -2.9572e+00
  8.9100e-01 -2.9612e+00
  8.9200e-01 -2.9652e+00
  8.9300e-01 -2.9692e+00
  8.9400e-01 -2.9733e+00
  8.9500e-01 -2.9774e+00
  8.9600e-01 -2.9816e+00
  8.9700e-01 -2.9858e+00
  8.9800e-01 -2.9900e+00
  8.9900e-01 -2.9943e+00
  9.0000e-01 -2.9986e+00
  9.0100e-01 -3.0030e+00
  9.0200e-01 -3.0074e+00
  9.0300e-01 -3.0118e+00
  9.0400e-01 -3.0163e+00
  9.0500e-01 -3.0209e+00
  9.0600e-01 -3.0255e+00
  9.0700e-01 -3.0301e+00
  9.0800e-01 -3.0348e+00
  9.0900e-01 -3.0395e+00
  9.1000e-01 -3.0443e+00
  9.1100e-01 -3.0492e+00
  9.1200e-01 -3.0541e+00
  9.1300e-01 -3.0590e+00
  9.1400e-01 -3.0641e+00
  9.1500e-01 -3.0691e+00
  9.1600e-01 -3.0743e+00
  9.1700e-01 -3.0795e+00
  9.1800e-01 -3.0847e+00
  9.1900e-01 -3.0901e+00
  9.2000e-01 -3.0955e+00
  9.2100e-01 -3.1009e+00
  9.2200e-01 -3.1065e+00
  9.2300e-01 -3.1121e+00
  9.2400e-01 -3.1177e+00
  9.2500e-01 -3.1235e+00
  9.2600e-01 -3.1293e+00
  9.2700e-01 -3.1352e+00
  9.2800e-01 -3.1412e+00
  9.2900e-01 -3.1473e+00
  9.3000e-01 -3.1534e+00
  9.3100e-01 -3.1597e+00
  9.3200e-01 -3.1660e+00
  9.3300e-01 -3.1725e+00
  9.3400e-01 -3.1790e+00
  9.3500e-01 -3.1856e+00
  9.3600e-01 -3.1923e+00
  9.3700e-01 -3.1992e+00
  9.3800e-01 -3.2061e+00
  9.3900e-01 -3.2132e+00
  9.4000e-01 -3.2204e+00
  9.4100e-01 -3.2277e+00
  9.4200e-01 -3.2351e+00
  9.4300e-01 -3.2426e+00
  9.4400e-01 -3.2503e+00
  9.4500e-01 -3.2582e+00
  9.4600e-01 -3.2661e+00
  9.4700e-01 -3.2742e+00
  9.4800e-01 -3.2825e+00
  9.4900e-01 -3.2909e+00
  9.5000e-01 -3.2995e+00
  9.5100e-01 -3.3083e+00
  9.5200e-01 -3.3173e+00
  9.5300e-01 -3.3264e+00
  9.5400e-01 -3.3357e+00
  9.5500e-01 -3.3453e+00
  9.5600e-01 -3.3550e+00
  9.5700e-01 -3.3650e+00
  9.5800e-01 -3.3752e+00
  9.5900e-01 -3.3857e+00
  9.6000e-01 -3.3964e+00
  9.6100e-01 -3.4074e+00
  9.6200e-01 -3.4187e+00
  9.6300e-01 -3.4303e+00
  9.6400e-01 -3.4422e+00
  9.6500e-01 -3.4544e+00
  9.6600e-01 -3.4670e+00
  9.6700e-01 -3.4800e+00
  9.6800e-01 -3.4933e+00
  9.6900e-01 -3.5071e+00
  9.7000e-01 -3.5214e+00
  9.7100e-01 -3.5361e+00
  9.7200e-01 -3.5513e+00
  9.7300e-01 -3.5671e+00
  9.7400e-01 -3.5835e+00
  9.7500e-01 -3.6005e+00
  9.7600e-01 -3.6183e+00
  9.7700e-01 -3.6367e+00
  9.7800e-01 -3.6561e+00
  9.7900e-01 -3.6763e+00
  9.8000e-01 -3.6974e+00
  9.8100e-01 -3.7197e+00
  9.8200e-01 -3.7432e+00
  9.8300e-01 -3.7680e+00
  9.8400e-01 -3.7943e+00
  9.8500e-01 -3.8224e+00
  9.8600e-01 -3.8523e+00
  9.8700e-01 -3.8845e+00
  9.8800e-01 -3.9193e+00
  9.8900e-01 -3.9571e+00
  9.9000e-01 -3.9985e+00
  9.9100e-01 -4.0442e+00
  9.9200e-01 -4.0954e+00
  9.9300e-01 -4.1534e+00
  9.9400e-01 -4.2203e+00
  9.9500e-01 -4.2995e+00
  9.9600e-01 -4.3964e+00
  9.9700e-01 -4.5213e+00
  9.9800e-01 -4.6974e+00
  9.9900e-01 -4.9985e+00
