  1.0000e-02 -2.1004e+00
  2.0000e-02 -1.7992e+00
  3.0000e-02 -1.6389e+00
  4.0000e-02 -1.5333e+00
  5.0000e-02 -1.4571e+00
  6.0000e-02 -1.3992e+00
  7.0000e-02 -1.3536e+00
  8.0000e-02 -1.3170e+00
  9.0000e-02 -1.2872e+00
  1.0000e-01 -1.2627e+00
  1.1000e-01 -1.2423e+00
  1.2000e-01 -1.2255e+00
  1.3000e-01 -1.2114e+00
  1.4000e-01 -1.1998e+00
  1.5000e-01 -1.1901e+00
  1.6000e-01 -1.1823e+00
  1.7000e-01 -1.1759e+00
  1.8000e-01 -1.1709e+00
  1.9000e-01 -1.1670e+00
  2.0000e-01 -1.1641e+00
  2.1000e-01 -1.1622e+00
  2.2000e-01 -1.1610e+00
  2.3000e-01 -1.1606e+00
  2.4000e-01 -1.1608e+00
  2.5000e-01 -1.1617e+00
  2.6000e-01 -1.1630e+00
  2.7000e-01 -1.1649e+00
  2.8000e-01 -1.1673e+00
  2.9000e-01 -1.1700e+00
  3.0000e-01 -1.1731e+00
  3.1000e-01 -1.1766e+00
  3.2000e-01 -1.1805e+00
  3.3000e-01 -1.1846e+00
  3.4000e-01 -1.1891e+00
  3.5000e-01 -1.1938e+00
  3.6000e-01 -1.1988e+00
  3.7000e-01 -1.2041e+00
  3.8000e-01 -1.2096e+00
  3.9000e-01 -1.2154e+00
  4.0000e-01 -1.2213e+00
  4.1000e-01 -1.2275e+00
  4.2000e-01 -1.2339e+00
  4.3000e-01 -1.2406e+00
  4.4000e-01 -1.2474e+00
  4.5000e-01 -1.2545e+00
  4.6000e-01 -1.2617e+00
  4.7000e-01 -1.2692e+00
  4.8000e-01 -1.2769e+00
  4.9000e-01 -1.2848e+00
  5.0000e-01 -1.2929e+00
  5.1000e-01 -1.3012e+00
  5.2000e-01 -1.3097e+00
  5.3000e-01 -1.3185e+00
  5.4000e-01 -1.3274e+00
  5.5000e-01 -1.3367e+00
  5.6000e-01 -1.3461e+00
  5.7000e-01 -1.3558e+00
  5.8000e-01 -1.3658e+00
  5.9000e-01 -1.3760e+00
  6.0000e-01 -1.3865e+00
  6.1000e-01 -1.3973e+00
  6.2000e-01 -1.4084e+00
  6.3000e-01 -1.4198e+00
  6.4000e-01 -1.4316e+00
  6.5000e-01 -1.4437e+00
  6.6000e-01 -1.4561e+00
  6.7000e-01 -1.4690e+00
  6.8000e-01 -1.4822e+00
  6.9000e-01 -1.4959e+00
  7.0000e-01 -1.5101e+00
  7.1000e-01 -1.5247e+00
  7.2000e-01 -1.5399e+00
  7.3000e-01 -1.5556e+00
  7.4000e-01 -1.5719e+00
  7.5000e-01 -1.5889e+00
  7.6000e-01 -1.6065e+00
  7.7000e-01 -1.6250e+00
  7.8000e-01 -1.6442e+00
  7.9000e-01 -1.6644e+00
  8.0000e-01 -1.6855e+00
  8.1000e-01 -1.7078e+00
  8.2000e-01 -1.7312e+00
  8.3000e-01 -1.7560e+00
  8.4000e-01 -1.7823e+00
  8.5000e-01 -1.8103e+00
  8.6000e-01 -1.8402e+00
  8.7000e-01 -1.8724e+00
  8.8000e-01 -1.9071e+00
  8.9000e-01 -1.9449e+00
  9.0000e-01 -1.9863e+00
  9.1000e-01 -2.0320e+00
  9.2000e-01 -2.0831e+00
  9.3000e-01 -2.1411e+00
  9.4000e-01 -2.2080e+00
  9.5000e-01 -2.2872e+00
  9.6000e-01 -2.3841e+00
  9.7000e-01 -2.5090e+00
  9.8000e-01 -2.6851e+00
  9.9000e-01 -2.9861e+00
