  0.0000e+00  0.0000e+00
  1.0000e-03  9.0391e-03
  2.0000e-03  1.7979e-02
  3.0000e-03  2.6820e-02
  4.0000e-03  3.5563e-02
  5.0000e-03  4.4209e-02
  6.0000e-03  5.2759e-02
  7.0000e-03  6.1214e-02
  8.0000e-03  6.9575e-02
  9.0000e-03  7.7842e-02
  1.0000e-02  8.6017e-02
  1.1000e-02  9.4101e-02
  1.2000e-02  1.0209e-01
  1.3000e-02  1.1000e-01
  1.4000e-02  1.1781e-01
  1.5000e-02  1.2554e-01
  1.6000e-02  1.3318e-01
  1.7000e-02  1.4073e-01
  1.8000e-02  1.4820e-01
  1.9000e-02  1.5559e-01
  2.0000e-02  1.6289e-01
  2.1000e-02  1.7011e-01
  2.2000e-02  1.7724e-01
  2.3000e-02  1.8430e-01
  2.4000e-02  1.9127e-01
  2.5000e-02  1.9817e-01
  2.6000e-02  2.0499e-01
  2.7000e-02  2.1173e-01
  2.8000e-02  2.1839e-01
  2.9000e-02  2.2497e-01
  3.0000e-02  2.3148e-01
  3.1000e-02  2.3792e-01
  3.2000e-02  2.4428e-01
  3.3000e-02  2.5057e-01
  3.4000e-02  2.5678e-01
  3.5000e-02  2.6293e-01
  3.6000e-02  2.6900e-01
  3.7000e-02  2.7500e-01
  3.8000e-02  2.8093e-01
  3.9000e-02  2.8680e-01
  4.0000e-02  2.9259e-01
  4.1000e-02  2.9832e-01
  4.2000e-02  3.0398e-01
  4.3000e-02  3.0957e-01
  4.4000e-02  3.1510e-01
  4.5000e-02  3.2056e-01
  4.6000e-02  3.2596e-01
  4.7000e-02  3.3129e-01
  4.8000e-02  3.3656e-01
  4.9000e-02  3.4177e-01
  5.0000e-02  3.4692e-01
  5.1000e-02  3.5201e-01
  5.2000e-02  3.5703e-01
  5.3000e-02  3.6200e-01
  5.4000e-02  3.6690e-01
  5.5000e-02  3.7175e-01
  5.6000e-02  3.7654e-01
  5.7000e-02  3.8127e-01
  5.8000e-02  3.8594e-01
  5.9000e-02  3.9056e-01
  6.0000e-02  3.9512e-01
  6.1000e-02  3.9962e-01
  6.2000e-02  4.0407e-01
  6.3000e-02  4.0847e-01
  6.4000e-02  4.1281e-01
  6.5000e-02  4.1710e-01
  6.6000e-02  4.2134e-01
  6.7000e-02  4.2552e-01
  6.8000e-02  4.2966e-01
  6.9000e-02  4.3374e-01
  7.0000e-02  4.3777e-01
  7.1000e-02  4.4175e-01
  7.2000e-02  4.4568e-01
  7.3000e-02  4.4956e-01
  7.4000e-02  4.5340e-01
  7.5000e-02  4.5718e-01
  7.6000e-02  4.6092e-01
  7.7000e-02  4.6461e-01
  7.8000e-02  4.6825e-01
  7.9000e-02  4.7185e-01
  8.0000e-02  4.7540e-01
  8.1000e-02  4.7891e-01
  8.2000e-02  4.8237e-01
  8.3000e-02  4.8578e-01
  8.4000e-02  4.8916e-01
  8.5000e-02  4.9248e-01
  8.6000e-02  4.9577e-01
  8.7000e-02  4.9901e-01
  8.8000e-02  5.0221e-01
  8.9000e-02  5.0537e-01
  9.0000e-02  5.0849e-01
  9.1000e-02  5.1156e-01
  9.2000e-02  5.1460e-01
  9.3000e-02  5.1760e-01
  9.4000e-02  5.2055e-01
  9.5000e-02  5.2347e-01
  9.6000e-02  5.2634e-01
  9.7000e-02  5.2918e-01
  9.8000e-02  5.3198e-01
  9.9000e-02  5.3474e-01
  1.0000e-01  5.3747e-01
  1.0100e-01  5.4015e-01
  1.0200e-01  5.4281e-01
  1.0300e-01  5.4542e-01
  1.0400e-01  5.4800e-01
  1.0500e-01  5.5054e-01
  1.0600e-01  5.5305e-01
  1.0700e-01  5.5552e-01
  1.0800e-01  5.5796e-01
  1.0900e-01  5.6036e-01
  1.1000e-01  5.6273e-01
  1.1100e-01  5.6506e-01
  1.1200e-01  5.6737e-01
  1.1300e-01  5.6963e-01
  1.1400e-01  5.7187e-01
  1.1500e-01  5.7407e-01
  1.1600e-01  5.7625e-01
  1.1700e-01  5.7839e-01
  1.1800e-01  5.8050e-01
  1.1900e-01  5.8258e-01
  1.2000e-01  5.8462e-01
  1.2100e-01  5.8664e-01
  1.2200e-01  5.8863e-01
  1.2300e-01  5.9058e-01
  1.2400e-01  5.9251e-01
  1.2500e-01  5.9441e-01
  1.2600e-01  5.9628e-01
  1.2700e-01  5.9812e-01
  1.2800e-01  5.9993e-01
  1.2900e-01  6.0172e-01
  1.3000e-01  6.0347e-01
  1.3100e-01  6.0520e-01
  1.3200e-01  6.0690e-01
  1.3300e-01  6.0858e-01
  1.3400e-01  6.1023e-01
  1.3500e-01  6.1185e-01
  1.3600e-01  6.1344e-01
  1.3700e-01  6.1501e-01
  1.3800e-01  6.1656e-01
  1.3900e-01  6.1808e-01
  1.4000e-01  6.1957e-01
  1.4100e-01  6.2104e-01
  1.4200e-01  6.2248e-01
  1.4300e-01  6.2390e-01
  1.4400e-01  6.2529e-01
  1.4500e-01  6.2667e-01
  1.4600e-01  6.2801e-01
  1.4700e-01  6.2934e-01
  1.4800e-01  6.3064e-01
  1.4900e-01  6.3192e-01
  1.5000e-01  6.3317e-01
  1.5100e-01  6.3440e-01
  1.5200e-01  6.3561e-01
  1.5300e-01  6.3680e-01
  1.5400e-01  6.3797e-01
  1.5500e-01  6.3911e-01
  1.5600e-01  6.4024e-01
  1.5700e-01  6.4134e-01
  1.5800e-01  6.4242e-01
  1.5900e-01  6.4348e-01
  1.6000e-01  6.4452e-01
  1.6100e-01  6.4554e-01
  1.6200e-01  6.4654e-01
  1.6300e-01  6.4751e-01
  1.6400e-01  6.4847e-01
  1.6500e-01  6.4941e-01
  1.6600e-01  6.5033e-01
  1.6700e-01  6.5123e-01
  1.6800e-01  6.5212e-01
  1.6900e-01  6.5298e-01
  1.7000e-01  6.5382e-01
  1.7100e-01  6.5465e-01
  1.7200e-01  6.5546e-01
  1.7300e-01  6.5625e-01
  1.7400e-01  6.5702e-01
  1.7500e-01  6.5777e-01
  1.7600e-01  6.5851e-01
  1.7700e-01  6.5923e-01
  1.7800e-01  6.5993e-01
  1.7900e-01  6.6061e-01
  1.8000e-01  6.6128e-01
  1.8100e-01  6.6193e-01
  1.8200e-01  6.6257e-01
  1.8300e-01  6.6319e-01
  1.8400e-01  6.6379e-01
  1.8500e-01  6.6438e-01
  1.8600e-01  6.6495e-01
  1.8700e-01  6.6550e-01
  1.8800e-01  6.6604e-01
  1.8900e-01  6.6656e-01
  1.9000e-01  6.6707e-01
  1.9100e-01  6.6756e-01
  1.9200e-01  6.6804e-01
  1.9300e-01  6.6851e-01
  1.9400e-01  6.6895e-01
  1.9500e-01  6.6939e-01
  1.9600e-01  6.6981e-01
  1.9700e-01  6.7021e-01
  1.9800e-01  6.7061e-01
  1.9900e-01  6.7098e-01
  2.0000e-01  6.7135e-01
  2.0100e-01  6.7170e-01
  2.0200e-01  6.7203e-01
  2.0300e-01  6.7236e-01
  2.0400e-01  6.7267e-01
  2.0500e-01  6.7296e-01
  2.0600e-01  6.7325e-01
  2.0700e-01  6.7352e-01
  2.0800e-01  6.7378e-01
  2.0900e-01  6.7402e-01
  2.1000e-01  6.7426e-01
  2.1100e-01  6.7448e-01
  2.1200e-01  6.7468e-01
  2.1300e-01  6.7488e-01
  2.1400e-01  6.7507e-01
  2.1500e-01  6.7524e-01
  2.1600e-01  6.7540e-01
  2.1700e-01  6.7555e-01
  2.1800e-01  6.7569e-01
  2.1900e-01  6.7581e-01
  2.2000e-01  6.7593e-01
  2.2100e-01  6.7603e-01
  2.2200e-01  6.7612e-01
  2.2300e-01  6.7620e-01
  2.2400e-01  6.7627e-01
  2.2500e-01  6.7633e-01
  2.2600e-01  6.7638e-01
  2.2700e-01  6.7642e-01
  2.2800e-01  6.7645e-01
  2.2900e-01  6.7647e-01
  2.3000e-01  6.7648e-01
  2.3100e-01  6.7647e-01
  2.3200e-01  6.7646e-01
  2.3300e-01  6.7644e-01
  2.3400e-01  6.7641e-01
  2.3500e-01  6.7637e-01
  2.3600e-01  6.7631e-01
  2.3700e-01  6.7625e-01
  2.3800e-01  6.7618e-01
  2.3900e-01  6.7610e-01
  2.4000e-01  6.7601e-01
  2.4100e-01  6.7591e-01
  2.4200e-01  6.7581e-01
  2.4300e-01  6.7569e-01
  2.4400e-01  6.7557e-01
  2.4500e-01  6.7543e-01
  2.4600e-01  6.7529e-01
  2.4700e-01  6.7514e-01
  2.4800e-01  6.7498e-01
  2.4900e-01  6.7481e-01
  2.5000e-01  6.7463e-01
  2.5100e-01  6.7445e-01
  2.5200e-01  6.7425e-01
  2.5300e-01  6.7405e-01
  2.5400e-01  6.7384e-01
  2.5500e-01  6.7363e-01
  2.5600e-01  6.7340e-01
  2.5700e-01  6.7317e-01
  2.5800e-01  6.7293e-01
  2.5900e-01  6.7268e-01
  2.6000e-01  6.7242e-01
  2.6100e-01  6.7216e-01
  2.6200e-01  6.7189e-01
  2.6300e-01  6.7161e-01
  2.6400e-01  6.7132e-01
  2.6500e-01  6.7103e-01
  2.6600e-01  6.7073e-01
  2.6700e-01  6.7042e-01
  2.6800e-01  6.7011e-01
  2.6900e-01  6.6979e-01
  2.7000e-01  6.6946e-01
  2.7100e-01  6.6913e-01
  2.7200e-01  6.6879e-01
  2.7300e-01  6.6844e-01
  2.7400e-01  6.6808e-01
  2.7500e-01  6.6772e-01
  2.7600e-01  6.6735e-01
  2.7700e-01  6.6698e-01
  2.7800e-01  6.6660e-01
  2.7900e-01  6.6621e-01
  2.8000e-01  6.6582e-01
  2.8100e-01  6.6542e-01
  2.8200e-01  6.6502e-01
  2.8300e-01  6.6461e-01
  2.8400e-01  6.6419e-01
  2.8500e-01  6.6377e-01
  2.8600e-01  6.6334e-01
  2.8700e-01  6.6290e-01
  2.8800e-01  6.6246e-01
  2.8900e-01  6.6202e-01
  2.9000e-01  6.6157e-01
  2.9100e-01  6.6111e-01
  2.9200e-01  6.6065e-01
  2.9300e-01  6.6018e-01
  2.9400e-01  6.5971e-01
  2.9500e-01  6.5923e-01
  2.9600e-01  6.5874e-01
  2.9700e-01  6.5825e-01
  2.9800e-01  6.5776e-01
  2.9900e-01  6.5726e-01
  3.0000e-01  6.5676e-01
  3.0100e-01  6.5625e-01
  3.0200e-01  6.5573e-01
  3.0300e-01  6.5521e-01
  3.0400e-01  6.5469e-01
  3.0500e-01  6.5416e-01
  3.0600e-01  6.5362e-01
  3.0700e-01  6.5309e-01
  3.0800e-01  6.5254e-01
  3.0900e-01  6.5199e-01
  3.1000e-01  6.5144e-01
  3.1100e-01  6.5088e-01
  3.1200e-01  6.5032e-01
  3.1300e-01  6.4976e-01
  3.1400e-01  6.4918e-01
  3.1500e-01  6.4861e-01
  3.1600e-01  6.4803e-01
  3.1700e-01  6.4745e-01
  3.1800e-01  6.4686e-01
  3.1900e-01  6.4627e-01
  3.2000e-01  6.4567e-01
  3.2100e-01  6.4507e-01
  3.2200e-01  6.4447e-01
  3.2300e-01  6.4386e-01
  3.2400e-01  6.4325e-01
  3.2500e-01  6.4263e-01
  3.2600e-01  6.4201e-01
  3.2700e-01  6.4138e-01
  3.2800e-01  6.4076e-01
  3.2900e-01  6.4012e-01
  3.3000e-01  6.3949e-01
  3.3100e-01  6.3885e-01
  3.3200e-01  6.3821e-01
  3.3300e-01  6.3756e-01
  3.3400e-01  6.3691e-01
  3.3500e-01  6.3626e-01
  3.3600e-01  6.3560e-01
  3.3700e-01  6.3494e-01
  3.3800e-01  6.3427e-01
  3.3900e-01  6.3361e-01
  3.4000e-01  6.3293e-01
  3.4100e-01  6.3226e-01
  3.4200e-01  6.3158e-01
  3.4300e-01  6.3090e-01
  3.4400e-01  6.3022e-01
  3.4500e-01  6.2953e-01
  3.4600e-01  6.2884e-01
  3.4700e-01  6.2814e-01
  3.4800e-01  6.2745e-01
  3.4900e-01  6.2675e-01
  3.5000e-01  6.2604e-01
  3.5100e-01  6.2534e-01
  3.5200e-01  6.2463e-01
  3.5300e-01  6.2391e-01
  3.5400e-01  6.2320e-01
  3.5500e-01  6.2248e-01
  3.5600e-01  6.2176e-01
  3.5700e-01  6.2103e-01
  3.5800e-01  6.2031e-01
  3.5900e-01  6.1958e-01
  3.6000e-01  6.1884e-01
  3.6100e-01  6.1811e-01
  3.6200e-01  6.1737e-01
  3.6300e-01  6.1663e-01
  3.6400e-01  6.1589e-01
  3.6500e-01  6.1514e-01
  3.6600e-01  6.1439e-01
  3.6700e-01  6.1364e-01
  3.6800e-01  6.1289e-01
  3.6900e-01  6.1213e-01
  3.7000e-01  6.1137e-01
  3.7100e-01  6.1061e-01
  3.7200e-01  6.0985e-01
  3.7300e-01  6.0908e-01
  3.7400e-01  6.0831e-01
  3.7500e-01  6.0754e-01
  3.7600e-01  6.0677e-01
  3.7700e-01  6.0599e-01
  3.7800e-01  6.0521e-01
  3.7900e-01  6.0443e-01
  3.8000e-01  6.0365e-01
  3.8100e-01  6.0286e-01
  3.8200e-01  6.0207e-01
  3.8300e-01  6.0129e-01
  3.8400e-01  6.0049e-01
  3.8500e-01  5.9970e-01
  3.8600e-01  5.9890e-01
  3.8700e-01  5.9810e-01
  3.8800e-01  5.9730e-01
  3.8900e-01  5.9650e-01
  3.9000e-01  5.9570e-01
  3.9100e-01  5.9489e-01
  3.9200e-01  5.9408e-01
  3.9300e-01  5.9327e-01
  3.9400e-01  5.9246e-01
  3.9500e-01  5.9164e-01
  3.9600e-01  5.9083e-01
  3.9700e-01  5.9001e-01
  3.9800e-01  5.8919e-01
  3.9900e-01  5.8837e-01
  4.0000e-01  5.8754e-01
  4.0100e-01  5.8672e-01
  4.0200e-01  5.8589e-01
  4.0300e-01  5.8506e-01
  4.0400e-01  5.8423e-01
  4.0500e-01  5.8340e-01
  4.0600e-01  5.8256e-01
  4.0700e-01  5.8172e-01
  4.0800e-01  5.8089e-01
  4.0900e-01  5.8005e-01
  4.1000e-01  5.7920e-01
  4.1100e-01  5.7836e-01
  4.1200e-01  5.7752e-01
  4.1300e-01  5.7667e-01
  4.1400e-01  5.7582e-01
  4.1500e-01  5.7497e-01
  4.1600e-01  5.7412e-01
  4.1700e-01  5.7327e-01
  4.1800e-01  5.7241e-01
  4.1900e-01  5.7155e-01
  4.2000e-01  5.7070e-01
  4.2100e-01  5.6984e-01
  4.2200e-01  5.6898e-01
  4.2300e-01  5.6811e-01
  4.2400e-01  5.6725e-01
  4.2500e-01  5.6639e-01
  4.2600e-01  5.6552e-01
  4.2700e-01  5.6465e-01
  4.2800e-01  5.6378e-01
  4.2900e-01  5.6291e-01
  4.3000e-01  5.6204e-01
  4.3100e-01  5.6116e-01
  4.3200e-01  5.6029e-01
  4.3300e-01  5.5941e-01
  4.3400e-01  5.5854e-01
  4.3500e-01  5.5766e-01
  4.3600e-01  5.5678e-01
  4.3700e-01  5.5589e-01
  4.3800e-01  5.5501e-01
  4.3900e-01  5.5413e-01
  4.4000e-01  5.5324e-01
  4.4100e-01  5.5236e-01
  4.4200e-01  5.5147e-01
  4.4300e-01  5.5058e-01
  4.4400e-01  5.4969e-01
  4.4500e-01  5.4880e-01
  4.4600e-01  5.4790e-01
  4.4700e-01  5.4701e-01
  4.4800e-01  5.4612e-01
  4.4900e-01  5.4522e-01
  4.5000e-01  5.4432e-01
  4.5100e-01  5.4342e-01
  4.5200e-01  5.4252e-01
  4.5300e-01  5.4162e-01
  4.5400e-01  5.4072e-01
  4.5500e-01  5.3982e-01
  4.5600e-01  5.3892e-01
  4.5700e-01  5.3801e-01
  4.5800e-01  5.3711e-01
  4.5900e-01  5.3620e-01
  4.6000e-01  5.3529e-01
  4.6100e-01  5.3438e-01
  4.6200e-01  5.3347e-01
  4.6300e-01  5.3256e-01
  4.6400e-01  5.3165e-01
  4.6500e-01  5.3074e-01
  4.6600e-01  5.2982e-01
  4.6700e-01  5.2891e-01
  4.6800e-01  5.2799e-01
  4.6900e-01  5.2707e-01
  4.7000e-01  5.2616e-01
  4.7100e-01  5.2524e-01
  4.7200e-01  5.2432e-01
  4.7300e-01  5.2340e-01
  4.7400e-01  5.2248e-01
  4.7500e-01  5.2155e-01
  4.7600e-01  5.2063e-01
  4.7700e-01  5.1971e-01
  4.7800e-01  5.1878e-01
  4.7900e-01  5.1786e-01
  4.8000e-01  5.1693e-01
  4.8100e-01  5.1600e-01
  4.8200e-01  5.1508e-01
  4.8300e-01  5.1415e-01
  4.8400e-01  5.1322e-01
  4.8500e-01  5.1229e-01
  4.8600e-01  5.1135e-01
  4.8700e-01  5.1042e-01
  4.8800e-01  5.0949e-01
  4.8900e-01  5.0856e-01
  4.9000e-01  5.0762e-01
  4.9100e-01  5.0669e-01
  4.9200e-01  5.0575e-01
  4.9300e-01  5.0481e-01
  4.9400e-01  5.0388e-01
  4.9500e-01  5.0294e-01
  4.9600e-01  5.0200e-01
  4.9700e-01  5.0106e-01
  4.9800e-01  5.0012e-01
  4.9900e-01  4.9918e-01
  5.0000e-01  4.9824e-01
  5.0100e-01  4.9730e-01
  5.0200e-01  4.9635e-01
  5.0300e-01  4.9541e-01
  5.0400e-01  4.9446e-01
  5.0500e-01  4.9352e-01
  5.0600e-01  4.9257e-01
  5.0700e-01  4.9163e-01
  5.0800e-01  4.9068e-01
  5.0900e-01  4.8973e-01
  5.1000e-01  4.8879e-01
  5.1100e-01  4.8784e-01
  5.1200e-01  4.8689e-01
  5.1300e-01  4.8594e-01
  5.1400e-01  4.8499e-01
  5.1500e-01  4.8404e-01
  5.1600e-01  4.8308e-01
  5.1700e-01  4.8213e-01
  5.1800e-01  4.8118e-01
  5.1900e-01  4.8023e-01
  5.2000e-01  4.7927e-01
  5.2100e-01  4.7832e-01
  5.2200e-01  4.7736e-01
  5.2300e-01  4.7641e-01
  5.2400e-01  4.7545e-01
  5.2500e-01  4.7449e-01
  5.2600e-01  4.7354e-01
  5.2700e-01  4.7258e-01
  5.2800e-01  4.7162e-01
  5.2900e-01  4.7066e-01
  5.3000e-01  4.6970e-01
  5.3100e-01  4.6874e-01
  5.3200e-01  4.6778e-01
  5.3300e-01  4.6682e-01
  5.3400e-01  4.6586e-01
  5.3500e-01  4.6490e-01
  5.3600e-01  4.6394e-01
  5.3700e-01  4.6297e-01
  5.3800e-01  4.6201e-01
  5.3900e-01  4.6105e-01
  5.4000e-01  4.6008e-01
  5.4100e-01  4.5912e-01
  5.4200e-01  4.5815e-01
  5.4300e-01  4.5719e-01
  5.4400e-01  4.5622e-01
  5.4500e-01  4.5525e-01
  5.4600e-01  4.5429e-01
  5.4700e-01  4.5332e-01
  5.4800e-01  4.5235e-01
  5.4900e-01  4.5138e-01
  5.5000e-01  4.5042e-01
  5.5100e-01  4.4945e-01
  5.5200e-01  4.4848e-01
  5.5300e-01  4.4751e-01
  5.5400e-01  4.4654e-01
  5.5500e-01  4.4557e-01
  5.5600e-01  4.4460e-01
  5.5700e-01  4.4362e-01
  5.5800e-01  4.4265e-01
  5.5900e-01  4.4168e-01
  5.6000e-01  4.4071e-01
  5.6100e-01  4.3974e-01
  5.6200e-01  4.3876e-01
  5.6300e-01  4.3779e-01
  5.6400e-01  4.3682e-01
  5.6500e-01  4.3584e-01
  5.6600e-01  4.3487e-01
  5.6700e-01  4.3389e-01
  5.6800e-01  4.3292e-01
  5.6900e-01  4.3194e-01
  5.7000e-01  4.3096e-01
  5.7100e-01  4.2999e-01
  5.7200e-01  4.2901e-01
  5.7300e-01  4.2803e-01
  5.7400e-01  4.2706e-01
  5.7500e-01  4.2608e-01
  5.7600e-01  4.2510e-01
  5.7700e-01  4.2412e-01
  5.7800e-01  4.2314e-01
  5.7900e-01  4.2217e-01
  5.8000e-01  4.2119e-01
  5.8100e-01  4.2021e-01
  5.8200e-01  4.1923e-01
  5.8300e-01  4.1825e-01
  5.8400e-01  4.1727e-01
  5.8500e-01  4.1628e-01
  5.8600e-01  4.1530e-01
  5.8700e-01  4.1432e-01
  5.8800e-01  4.1334e-01
  5.8900e-01  4.1236e-01
  5.9000e-01  4.1138e-01
  5.9100e-01  4.1039e-01
  5.9200e-01  4.0941e-01
  5.9300e-01  4.0843e-01
  5.9400e-01  4.0745e-01
  5.9500e-01  4.0646e-01
  5.9600e-01  4.0548e-01
  5.9700e-01  4.0449e-01
  5.9800e-01  4.0351e-01
  5.9900e-01  4.0253e-01
  6.0000e-01  4.0154e-01
  6.0100e-01  4.0056e-01
  6.0200e-01  3.9957e-01
  6.0300e-01  3.9858e-01
  6.0400e-01  3.9760e-01
  6.0500e-01  3.9661e-01
  6.0600e-01  3.9563e-01
  6.0700e-01  3.9464e-01
  6.0800e-01  3.9365e-01
  6.0900e-01  3.9267e-01
  6.1000e-01  3.9168e-01
  6.1100e-01  3.9069e-01
  6.1200e-01  3.8970e-01
  6.1300e-01  3.8872e-01
  6.1400e-01  3.8773e-01
  6.1500e-01  3.8674e-01
  6.1600e-01  3.8575e-01
  6.1700e-01  3.8476e-01
  6.1800e-01  3.8377e-01
  6.1900e-01  3.8278e-01
  6.2000e-01  3.8179e-01
  6.2100e-01  3.8080e-01
  6.2200e-01  3.7981e-01
  6.2300e-01  3.7882e-01
  6.2400e-01  3.7783e-01
  6.2500e-01  3.7684e-01
  6.2600e-01  3.7585e-01
  6.2700e-01  3.7486e-01
  6.2800e-01  3.7387e-01
  6.2900e-01  3.7288e-01
  6.3000e-01  3.7189e-01
  6.3100e-01  3.7090e-01
  6.3200e-01  3.6991e-01
  6.3300e-01  3.6891e-01
  6.3400e-01  3.6792e-01
  6.3500e-01  3.6693e-01
  6.3600e-01  3.6594e-01
  6.3700e-01  3.6494e-01
  6.3800e-01  3.6395e-01
  6.3900e-01  3.6296e-01
  6.4000e-01  3.6197e-01
  6.4100e-01  3.6097e-01
  6.4200e-01  3.5998e-01
  6.4300e-01  3.5899e-01
  6.4400e-01  3.5799e-01
  6.4500e-01  3.5700e-01
  6.4600e-01  3.5600e-01
  6.4700e-01  3.5501e-01
  6.4800e-01  3.5401e-01
  6.4900e-01  3.5302e-01
  6.5000e-01  3.5203e-01
  6.5100e-01  3.5103e-01
  6.5200e-01  3.5004e-01
  6.5300e-01  3.4904e-01
  6.5400e-01  3.4805e-01
  6.5500e-01  3.4705e-01
  6.5600e-01  3.4605e-01
  6.5700e-01  3.4506e-01
  6.5800e-01  3.4406e-01
  6.5900e-01  3.4307e-01
  6.6000e-01  3.4207e-01
  6.6100e-01  3.4107e-01
  6.6200e-01  3.4008e-01
  6.6300e-01  3.3908e-01
  6.6400e-01  3.3808e-01
  6.6500e-01  3.3709e-01
  6.6600e-01  3.3609e-01
  6.6700e-01  3.3509e-01
  6.6800e-01  3.3410e-01
  6.6900e-01  3.3310e-01
  6.7000e-01  3.3210e-01
  6.7100e-01  3.3110e-01
  6.7200e-01  3.3011e-01
  6.7300e-01  3.2911e-01
  6.7400e-01  3.2811e-01
  6.7500e-01  3.2711e-01
  6.7600e-01  3.2611e-01
  6.7700e-01  3.2511e-01
  6.7800e-01  3.2412e-01
  6.7900e-01  3.2312e-01
  6.8000e-01  3.2212e-01
  6.8100e-01  3.2112e-01
  6.8200e-01  3.2012e-01
  6.8300e-01  3.1912e-01
  6.8400e-01  3.1812e-01
  6.8500e-01  3.1712e-01
  6.8600e-01  3.1612e-01
  6.8700e-01  3.1513e-01
  6.8800e-01  3.1413e-01
  6.8900e-01  3.1313e-01
  6.9000e-01  3.1213e-01
  6.9100e-01  3.1113e-01
  6.9200e-01  3.1013e-01
  6.9300e-01  3.0913e-01
  6.9400e-01  3.0813e-01
  6.9500e-01  3.0713e-01
  6.9600e-01  3.0613e-01
  6.9700e-01  3.0513e-01
  6.9800e-01  3.0412e-01
  6.9900e-01  3.0312e-01
  7.0000e-01  3.0212e-01
  7.0100e-01  3.0112e-01
  7.0200e-01  3.0012e-01
  7.0300e-01  2.9912e-01
  7.0400e-01  2.9812e-01
  7.0500e-01  2.9712e-01
  7.0600e-01  2.9612e-01
  7.0700e-01  2.9512e-01
  7.0800e-01  2.9411e-01
  7.0900e-01  2.9311e-01
  7.1000e-01  2.9211e-01
  7.1100e-01  2.9111e-01
  7.1200e-01  2.9011e-01
  7.1300e-01  2.8911e-01
  7.1400e-01  2.8810e-01
  7.1500e-01  2.8710e-01
  7.1600e-01  2.8610e-01
  7.1700e-01  2.8510e-01
  7.1800e-01  2.8410e-01
  7.1900e-01  2.8309e-01
  7.2000e-01  2.8209e-01
  7.2100e-01  2.8109e-01
  7.2200e-01  2.8009e-01
  7.2300e-01  2.7908e-01
  7.2400e-01  2.7808e-01
  7.2500e-01  2.7708e-01
  7.2600e-01  2.7607e-01
  7.2700e-01  2.7507e-01
  7.2800e-01  2.7407e-01
  7.2900e-01  2.7307e-01
  7.3000e-01  2.7206e-01
  7.3100e-01  2.7106e-01
  7.3200e-01  2.7006e-01
  7.3300e-01  2.6905e-01
  7.3400e-01  2.6805e-01
  7.3500e-01  2.6705e-01
  7.3600e-01  2.6604e-01
  7.3700e-01  2.6504e-01
  7.3800e-01  2.6403e-01
  7.3900e-01  2.6303e-01
  7.4000e-01  2.6203e-01
  7.4100e-01  2.6102e-01
  7.4200e-01  2.6002e-01
  7.4300e-01  2.5902e-01
  7.4400e-01  2.5801e-01
  7.4500e-01  2.5701e-01
  7.4600e-01  2.5600e-01
  7.4700e-01  2.5500e-01
  7.4800e-01  2.5399e-01
  7.4900e-01  2.5299e-01
  7.5000e-01  2.5199e-01
  7.5100e-01  2.5098e-01
  7.5200e-01  2.4998e-01
  7.5300e-01  2.4897e-01
  7.5400e-01  2.4797e-01
  7.5500e-01  2.4696e-01
  7.5600e-01  2.4596e-01
  7.5700e-01  2.4495e-01
  7.5800e-01  2.4395e-01
  7.5900e-01  2.4294e-01
  7.6000e-01  2.4194e-01
  7.6100e-01  2.4093e-01
  7.6200e-01  2.3993e-01
  7.6300e-01  2.3892e-01
  7.6400e-01  2.3792e-01
  7.6500e-01  2.3691e-01
  7.6600e-01  2.3591e-01
  7.6700e-01  2.3490e-01
  7.6800e-01  2.3390e-01
  7.6900e-01  2.3289e-01
  7.7000e-01  2.3189e-01
  7.7100e-01  2.3088e-01
  7.7200e-01  2.2988e-01
  7.7300e-01  2.2887e-01
  7.7400e-01  2.2787e-01
  7.7500e-01  2.2686e-01
  7.7600e-01  2.2585e-01
  7.7700e-01  2.2485e-01
  7.7800e-01  2.2384e-01
  7.7900e-01  2.2284e-01
  7.8000e-01  2.2183e-01
  7.8100e-01  2.2083e-01
  7.8200e-01  2.1982e-01
  7.8300e-01  2.1881e-01
  7.8400e-01  2.1781e-01
  7.8500e-01  2.1680e-01
  7.8600e-01  2.1580e-01
  7.8700e-01  2.1479e-01
  7.8800e-01  2.1378e-01
  7.8900e-01  2.1278e-01
  7.9000e-01  2.1177e-01
  7.9100e-01  2.1076e-01
  7.9200e-01  2.0976e-01
  7.9300e-01  2.0875e-01
  7.9400e-01  2.0775e-01
  7.9500e-01  2.0674e-01
  7.9600e-01  2.0573e-01
  7.9700e-01  2.0473e-01
  7.9800e-01  2.0372e-01
  7.9900e-01  2.0271e-01
  8.0000e-01  2.0171e-01
  8.0100e-01  2.0070e-01
  8.0200e-01  1.9969e-01
  8.0300e-01  1.9869e-01
  8.0400e-01  1.9768e-01
  8.0500e-01  1.9667e-01
  8.0600e-01  1.9567e-01
  8.0700e-01  1.9466e-01
  8.0800e-01  1.9365e-01
  8.0900e-01  1.9265e-01
  8.1000e-01  1.9164e-01
  8.1100e-01  1.9063e-01
  8.1200e-01  1.8962e-01
  8.1300e-01  1.8862e-01
  8.1400e-01  1.8761e-01
  8.1500e-01  1.8660e-01
  8.1600e-01  1.8560e-01
  8.1700e-01  1.8459e-01
  8.1800e-01  1.8358e-01
  8.1900e-01  1.8257e-01
  8.2000e-01  1.8157e-01
  8.2100e-01  1.8056e-01
  8.2200e-01  1.7955e-01
  8.2300e-01  1.7855e-01
  8.2400e-01  1.7754e-01
  8.2500e-01  1.7653e-01
  8.2600e-01  1.7552e-01
  8.2700e-01  1.7452e-01
  8.2800e-01  1.7351e-01
  8.2900e-01  1.7250e-01
  8.3000e-01  1.7149e-01
  8.3100e-01  1.7049e-01
  8.3200e-01  1.6948e-01
  8.3300e-01  1.6847e-01
  8.3400e-01  1.6746e-01
  8.3500e-01  1.6646e-01
  8.3600e-01  1.6545e-01
  8.3700e-01  1.6444e-01
  8.3800e-01  1.6343e-01
  8.3900e-01  1.6243e-01
  8.4000e-01  1.6142e-01
  8.4100e-01  1.6041e-01
  8.4200e-01  1.5940e-01
  8.4300e-01  1.5839e-01
  8.4400e-01  1.5739e-01
  8.4500e-01  1.5638e-01
  8.4600e-01  1.5537e-01
  8.4700e-01  1.5436e-01
  8.4800e-01  1.5336e-01
  8.4900e-01  1.5235e-01
  8.5000e-01  1.5134e-01
  8.5100e-01  1.5033e-01
  8.5200e-01  1.4932e-01
  8.5300e-01  1.4832e-01
  8.5400e-01  1.4731e-01
  8.5500e-01  1.4630e-01
  8.5600e-01  1.4529e-01
  8.5700e-01  1.4428e-01
  8.5800e-01  1.4328e-01
  8.5900e-01  1.4227e-01
  8.6000e-01  1.4126e-01
  8.6100e-01  1.4025e-01
  8.6200e-01  1.3924e-01
  8.6300e-01  1.3823e-01
  8.6400e-01  1.3723e-01
  8.6500e-01  1.3622e-01
  8.6600e-01  1.3521e-01
  8.6700e-01  1.3420e-01
  8.6800e-01  1.3319e-01
  8.6900e-01  1.3219e-01
  8.7000e-01  1.3118e-01
  8.7100e-01  1.3017e-01
  8.7200e-01  1.2916e-01
  8.7300e-01  1.2815e-01
  8.7400e-01  1.2714e-01
  8.7500e-01  1.2614e-01
  8.7600e-01  1.2513e-01
  8.7700e-01  1.2412e-01
  8.7800e-01  1.2311e-01
  8.7900e-01  1.2210e-01
  8.8000e-01  1.2109e-01
  8.8100e-01  1.2008e-01
  8.8200e-01  1.1908e-01
  8.8300e-01  1.1807e-01
  8.8400e-01  1.1706e-01
  8.8500e-01  1.1605e-01
  8.8600e-01  1.1504e-01
  8.8700e-01  1.1403e-01
  8.8800e-01  1.1302e-01
  8.8900e-01  1.1202e-01
  8.9000e-01  1.1101e-01
  8.9100e-01  1.1000e-01
  8.9200e-01  1.0899e-01
  8.9300e-01  1.0798e-01
  8.9400e-01  1.0697e-01
  8.9500e-01  1.0596e-01
  8.9600e-01  1.0496e-01
  8.9700e-01  1.0395e-01
  8.9800e-01  1.0294e-01
  8.9900e-01  1.0193e-01
  9.0000e-01  1.0092e-01
  9.0100e-01  9.9912e-02
  9.0200e-01  9.8903e-02
  9.0300e-01  9.7894e-02
  9.0400e-01  9.6886e-02
  9.0500e-01  9.5877e-02
  9.0600e-01  9.4868e-02
  9.0700e-01  9.3859e-02
  9.0800e-01  9.2850e-02
  9.0900e-01  9.1841e-02
  9.1000e-01  9.0833e-02
  9.1100e-01  8.9824e-02
  9.1200e-01  8.8815e-02
  9.1300e-01  8.7806e-02
  9.1400e-01  8.6797e-02
  9.1500e-01  8.5788e-02
  9.1600e-01  8.4779e-02
  9.1700e-01  8.3770e-02
  9.1800e-01  8.2761e-02
  9.1900e-01  8.1752e-02
  9.2000e-01  8.0743e-02
  9.2100e-01  7.9734e-02
  9.2200e-01  7.8725e-02
  9.2300e-01  7.7716e-02
  9.2400e-01  7.6707e-02
  9.2500e-01  7.5698e-02
  9.2600e-01  7.4689e-02
  9.2700e-01  7.3680e-02
  9.2800e-01  7.2671e-02
  9.2900e-01  7.1662e-02
  9.3000e-01  7.0653e-02
  9.3100e-01  6.9644e-02
  9.3200e-01  6.8635e-02
  9.3300e-01  6.7626e-02
  9.3400e-01  6.6617e-02
  9.3500e-01  6.5608e-02
  9.3600e-01  6.4599e-02
  9.3700e-01  6.3589e-02
  9.3800e-01  6.2580e-02
  9.3900e-01  6.1571e-02
  9.4000e-01  6.0562e-02
  9.4100e-01  5.9553e-02
  9.4200e-01  5.8544e-02
  9.4300e-01  5.7534e-02
  9.4400e-01  5.6525e-02
  9.4500e-01  5.5516e-02
  9.4600e-01  5.4507e-02
  9.4700e-01  5.3498e-02
  9.4800e-01  5.2488e-02
  9.4900e-01  5.1479e-02
  9.5000e-01  5.0470e-02
  9.5100e-01  4.9461e-02
  9.5200e-01  4.8452e-02
  9.5300e-01  4.7442e-02
  9.5400e-01  4.6433e-02
  9.5500e-01  4.5424e-02
  9.5600e-01  4.4414e-02
  9.5700e-01  4.3405e-02
  9.5800e-01  4.2396e-02
  9.5900e-01  4.1387e-02
  9.6000e-01  4.0377e-02
  9.6100e-01  3.9368e-02
  9.6200e-01  3.8359e-02
  9.6300e-01  3.7349e-02
  9.6400e-01  3.6340e-02
  9.6500e-01  3.5331e-02
  9.6600e-01  3.4321e-02
  9.6700e-01  3.3312e-02
  9.6800e-01  3.2303e-02
  9.6900e-01  3.1293e-02
  9.7000e-01  3.0284e-02
  9.7100e-01  2.9274e-02
  9.7200e-01  2.8265e-02
  9.7300e-01  2.7256e-02
  9.7400e-01  2.6246e-02
  9.7500e-01  2.5237e-02
  9.7600e-01  2.4227e-02
  9.7700e-01  2.3218e-02
  9.7800e-01  2.2209e-02
  9.7900e-01  2.1199e-02
  9.8000e-01  2.0190e-02
  9.8100e-01  1.9180e-02
  9.8200e-01  1.8171e-02
  9.8300e-01  1.7161e-02
  9.8400e-01  1.6152e-02
  9.8500e-01  1.5143e-02
  9.8600e-01  1.4133e-02
  9.8700e-01  1.3124e-02
  9.8800e-01  1.2114e-02
  9.8900e-01  1.1105e-02
  9.9000e-01  1.0095e-02
  9.9100e-01  9.0856e-03
  9.9200e-01  8.0761e-03
  9.9300e-01  7.0666e-03
  9.9400e-01  6.0571e-03
  9.9500e-01  5.0476e-03
  9.9600e-01  4.0381e-03
  9.9700e-01  3.0286e-03
  9.9800e-01  2.0191e-03
  9.9900e-01  1.0095e-03
  1.0000e+00  0.0000e+00
